ModelNet10b_accuracy:0.9592511013215859
modelnet10z30_accuracy:0.6861233480176211
modelnet10z60_accuracy:0.8403083700440529
modelnet10z90_accuracy:0.8964757709251101
modelnet10z120_accuracy:0.7070484581497798
modelnet10z150_accuracy:0.8942731277533039
modelnet10z180_accuracy:0.8348017621145375
modelnet10z210_accuracy:0.7048458149779736
modelnet10z240_accuracy:0.9041850220264317
modelnet10z270_accuracy:0.7951541850220264
modelnet10z300_accuracy:0.5671806167400881
modelnet10z330_accuracy:0.776431718061674
