ModelNet10b_accuracy:0.9151982378854625
modelnet10z30_accuracy:0.3898678414096916
modelnet10z60_accuracy:0.27312775330396477
modelnet10z90_accuracy:0.2973568281938326
modelnet10z120_accuracy:0.23127753303964757
modelnet10z150_accuracy:0.2852422907488987
modelnet10z180_accuracy:0.5737885462555066
modelnet10z210_accuracy:0.2533039647577093
modelnet10z240_accuracy:0.21696035242290748
modelnet10z270_accuracy:0.2621145374449339
modelnet10z300_accuracy:0.30616740088105726
modelnet10z330_accuracy:0.45594713656387664
