ModelNet10b_accuracy:0.9537444933920705
modelnet10z5_accuracy:0.9427312775330396
modelnet10z10_accuracy:0.9140969162995595
modelnet10z15_accuracy:0.8546255506607929
modelnet10z20_accuracy:0.8094713656387665
modelnet10z25_accuracy:0.7610132158590308
modelnet10z30_accuracy:0.710352422907489
modelnet10z60_accuracy:0.8579295154185022
modelnet10z90_accuracy:0.9041850220264317
modelnet10z120_accuracy:0.7588105726872246
modelnet10z150_accuracy:0.9096916299559471
modelnet10z180_accuracy:0.8502202643171806
modelnet10z210_accuracy:0.6993392070484582
modelnet10z240_accuracy:0.8843612334801763
modelnet10z270_accuracy:0.8513215859030837
modelnet10z300_accuracy:0.5980176211453745
modelnet10z330_accuracy:0.8711453744493393
