ModelNet10b_accuracy:0.9515418502202643
modelnet10z5_accuracy:0.9493392070484582
modelnet10z10_accuracy:0.8865638766519823
modelnet10z15_accuracy:0.8436123348017621
modelnet10z20_accuracy:0.8149779735682819
modelnet10z25_accuracy:0.7786343612334802
modelnet10z30_accuracy:0.762114537444934
modelnet10z60_accuracy:0.8348017621145375
modelnet10z90_accuracy:0.8920704845814978
modelnet10z120_accuracy:0.7004405286343612
modelnet10z150_accuracy:0.8876651982378855
modelnet10z180_accuracy:0.8777533039647577
modelnet10z210_accuracy:0.7863436123348018
modelnet10z240_accuracy:0.8876651982378855
modelnet10z270_accuracy:0.7555066079295154
modelnet10z300_accuracy:0.551762114537445
modelnet10z330_accuracy:0.8546255506607929
