ModelNet10b_accuracy:0.9041850220264317
modelnet10z30_accuracy:0.4911894273127753
modelnet10z60_accuracy:0.3370044052863436
modelnet10z90_accuracy:0.30176211453744495
modelnet10z120_accuracy:0.28854625550660795
modelnet10z150_accuracy:0.30506607929515417
modelnet10z180_accuracy:0.5319383259911894
modelnet10z210_accuracy:0.31277533039647576
modelnet10z240_accuracy:0.21145374449339208
modelnet10z270_accuracy:0.2654185022026432
modelnet10z300_accuracy:0.34801762114537443
modelnet10z330_accuracy:0.4790748898678414
