ModelNet10b_accuracy:0.9559471365638766
modelnet10z5_accuracy:0.9394273127753304
modelnet10z10_accuracy:0.8931718061674009
modelnet10z15_accuracy:0.8370044052863436
modelnet10z20_accuracy:0.801762114537445
modelnet10z25_accuracy:0.7786343612334802
modelnet10z30_accuracy:0.7444933920704846
modelnet10z60_accuracy:0.8557268722466961
modelnet10z90_accuracy:0.8843612334801763
modelnet10z120_accuracy:0.6905286343612335
modelnet10z150_accuracy:0.8898678414096917
modelnet10z180_accuracy:0.8909691629955947
modelnet10z210_accuracy:0.7279735682819384
modelnet10z240_accuracy:0.8744493392070485
modelnet10z270_accuracy:0.8138766519823789
modelnet10z300_accuracy:0.5583700440528634
modelnet10z330_accuracy:0.8281938325991189
