ModelNet10b_accuracy:0.9570484581497798
modelnet10z30_accuracy:0.736784140969163
modelnet10z60_accuracy:0.8303964757709251
modelnet10z90_accuracy:0.8854625550660793
modelnet10z120_accuracy:0.6365638766519823
modelnet10z150_accuracy:0.8854625550660793
modelnet10z180_accuracy:0.8359030837004405
modelnet10z210_accuracy:0.7224669603524229
modelnet10z240_accuracy:0.8777533039647577
modelnet10z270_accuracy:0.816079295154185
modelnet10z300_accuracy:0.4801762114537445
modelnet10z330_accuracy:0.7742290748898678
