ModelNet10b_accuracy:0.9526431718061674
modelnet10z30_accuracy:0.75
modelnet10z60_accuracy:0.8711453744493393
modelnet10z90_accuracy:0.8953744493392071
modelnet10z120_accuracy:0.7257709251101322
modelnet10z150_accuracy:0.9041850220264317
modelnet10z180_accuracy:0.8634361233480177
modelnet10z210_accuracy:0.7213656387665198
modelnet10z240_accuracy:0.8975770925110133
modelnet10z270_accuracy:0.7907488986784141
modelnet10z300_accuracy:0.5737885462555066
modelnet10z330_accuracy:0.8414096916299559
