ModelNet10b_accuracy:0.960352422907489
modelnet10z30_accuracy:0.7059471365638766
modelnet10z60_accuracy:0.8645374449339207
modelnet10z90_accuracy:0.8997797356828194
modelnet10z120_accuracy:0.6872246696035242
modelnet10z150_accuracy:0.8964757709251101
modelnet10z180_accuracy:0.8810572687224669
modelnet10z210_accuracy:0.6729074889867841
modelnet10z240_accuracy:0.9041850220264317
modelnet10z270_accuracy:0.8149779735682819
modelnet10z300_accuracy:0.5803964757709251
modelnet10z330_accuracy:0.8270925110132159
