ModelNet10b_accuracy:0.9174008810572687
modelnet10z5_accuracy:0.8667400881057269
modelnet10z10_accuracy:0.8480176211453745
modelnet10z15_accuracy:0.7907488986784141
modelnet10z20_accuracy:0.698237885462555
modelnet10z25_accuracy:0.5715859030837004
modelnet10z30_accuracy:0.5594713656387665
modelnet10z60_accuracy:0.683920704845815
modelnet10z90_accuracy:0.8425110132158591
modelnet10z120_accuracy:0.5870044052863436
modelnet10z150_accuracy:0.8414096916299559
modelnet10z180_accuracy:0.7610132158590308
modelnet10z210_accuracy:0.6277533039647577
modelnet10z240_accuracy:0.8281938325991189
modelnet10z270_accuracy:0.6960352422907489
modelnet10z300_accuracy:0.42180616740088106
modelnet10z330_accuracy:0.7158590308370044
