ModelNet10b_accuracy:0.9559471365638766
modelnet10z30_accuracy:0.6806167400881057
modelnet10z60_accuracy:0.8667400881057269
modelnet10z90_accuracy:0.9008810572687225
modelnet10z120_accuracy:0.6740088105726872
modelnet10z150_accuracy:0.8986784140969163
modelnet10z180_accuracy:0.8744493392070485
modelnet10z210_accuracy:0.6530837004405287
modelnet10z240_accuracy:0.8876651982378855
modelnet10z270_accuracy:0.7962555066079295
modelnet10z300_accuracy:0.5198237885462555
modelnet10z330_accuracy:0.8744493392070485
