ModelNet10b_accuracy:0.9526431718061674
modelnet10z30_accuracy:0.723568281938326
modelnet10z60_accuracy:0.8248898678414097
modelnet10z90_accuracy:0.8876651982378855
modelnet10z120_accuracy:0.6751101321585903
modelnet10z150_accuracy:0.8876651982378855
modelnet10z180_accuracy:0.8568281938325991
modelnet10z210_accuracy:0.697136563876652
modelnet10z240_accuracy:0.8799559471365639
modelnet10z270_accuracy:0.788546255506608
modelnet10z300_accuracy:0.5506607929515418
modelnet10z330_accuracy:0.8303964757709251
