ModelNet10b_accuracy:0.9669603524229075
modelnet10z30_accuracy:0.9129955947136564
modelnet10z60_accuracy:0.8964757709251101
modelnet10z90_accuracy:0.8887665198237885
modelnet10z120_accuracy:0.6398678414096917
modelnet10z150_accuracy:0.4812775330396476
modelnet10z180_accuracy:0.6431718061674009
modelnet10z210_accuracy:0.6266519823788547
modelnet10z240_accuracy:0.6101321585903083
modelnet10z270_accuracy:0.5825991189427313
modelnet10z300_accuracy:0.4196035242290749
modelnet10z330_accuracy:0.670704845814978
