ModelNet10b_accuracy:0.9526431718061674
modelnet10z5_accuracy:0.9041850220264317
modelnet10z10_accuracy:0.8414096916299559
modelnet10z15_accuracy:0.7334801762114538
modelnet10z20_accuracy:0.6288546255506607
modelnet10z25_accuracy:0.5363436123348018
modelnet10z30_accuracy:0.4801762114537445
modelnet10z60_accuracy:0.8193832599118943
modelnet10z90_accuracy:0.8788546255506607
modelnet10z120_accuracy:0.6222466960352423
modelnet10z150_accuracy:0.8788546255506607
modelnet10z180_accuracy:0.8447136563876652
modelnet10z210_accuracy:0.5605726872246696
modelnet10z240_accuracy:0.8579295154185022
modelnet10z270_accuracy:0.7323788546255506
modelnet10z300_accuracy:0.4592511013215859
modelnet10z330_accuracy:0.7786343612334802
