ModelNet10b_accuracy:0.961453744493392
modelnet10z30_accuracy:0.6156387665198237
modelnet10z60_accuracy:0.8237885462555066
modelnet10z90_accuracy:0.8755506607929515
modelnet10z120_accuracy:0.6200440528634361
modelnet10z150_accuracy:0.8854625550660793
modelnet10z180_accuracy:0.8590308370044053
modelnet10z210_accuracy:0.5881057268722467
modelnet10z240_accuracy:0.8832599118942731
modelnet10z270_accuracy:0.7544052863436124
modelnet10z300_accuracy:0.44383259911894274
modelnet10z330_accuracy:0.763215859030837
