ModelNet10b_accuracy:0.9273127753303965
modelnet10z5_accuracy:0.920704845814978
modelnet10z10_accuracy:0.9096916299559471
modelnet10z15_accuracy:0.8920704845814978
modelnet10z20_accuracy:0.8623348017621145
modelnet10z25_accuracy:0.8193832599118943
modelnet10z30_accuracy:0.8259911894273128
modelnet10z60_accuracy:0.8425110132158591
modelnet10z90_accuracy:0.8810572687224669
modelnet10z120_accuracy:0.8083700440528634
modelnet10z150_accuracy:0.8865638766519823
modelnet10z180_accuracy:0.8458149779735683
modelnet10z210_accuracy:0.8414096916299559
modelnet10z240_accuracy:0.8788546255506607
modelnet10z270_accuracy:0.7940528634361234
modelnet10z300_accuracy:0.5881057268722467
modelnet10z330_accuracy:0.8381057268722467
