ModelNet10b_accuracy:0.947136563876652
modelnet10z5_accuracy:0.9306167400881057
modelnet10z10_accuracy:0.9063876651982379
modelnet10z15_accuracy:0.8964757709251101
modelnet10z20_accuracy:0.8700440528634361
modelnet10z25_accuracy:0.7995594713656388
modelnet10z30_accuracy:0.7290748898678414
modelnet10z60_accuracy:0.3920704845814978
modelnet10z90_accuracy:0.32929515418502203
modelnet10z120_accuracy:0.289647577092511
modelnet10z150_accuracy:0.4779735682819383
modelnet10z180_accuracy:0.5572687224669604
modelnet10z210_accuracy:0.4713656387665198
modelnet10z240_accuracy:0.2588105726872247
modelnet10z270_accuracy:0.30616740088105726
modelnet10z300_accuracy:0.43502202643171806
modelnet10z330_accuracy:0.7191629955947136
