ModelNet10b_accuracy:0.9669603524229075
modelnet10z30_accuracy:0.6453744493392071
modelnet10z60_accuracy:0.7742290748898678
modelnet10z90_accuracy:0.8964757709251101
modelnet10z120_accuracy:0.6993392070484582
modelnet10z150_accuracy:0.8766519823788547
modelnet10z180_accuracy:0.8193832599118943
modelnet10z210_accuracy:0.6618942731277533
modelnet10z240_accuracy:0.8799559471365639
modelnet10z270_accuracy:0.7444933920704846
modelnet10z300_accuracy:0.5044052863436124
modelnet10z330_accuracy:0.7676211453744494
