ModelNet10b_accuracy:0.9427312775330396
modelnet10z5_accuracy:0.9096916299559471
modelnet10z10_accuracy:0.829295154185022
modelnet10z15_accuracy:0.7720264317180616
modelnet10z20_accuracy:0.7147577092511013
modelnet10z25_accuracy:0.6233480176211453
modelnet10z30_accuracy:0.5936123348017621
modelnet10z60_accuracy:0.8226872246696035
modelnet10z90_accuracy:0.8612334801762115
modelnet10z120_accuracy:0.7026431718061674
modelnet10z150_accuracy:0.8755506607929515
modelnet10z180_accuracy:0.8337004405286343
modelnet10z210_accuracy:0.6497797356828194
modelnet10z240_accuracy:0.8645374449339207
modelnet10z270_accuracy:0.7599118942731278
modelnet10z300_accuracy:0.5286343612334802
modelnet10z330_accuracy:0.7742290748898678
