ModelNet10b_accuracy:0.9625550660792952
modelnet10z5_accuracy:0.9493392070484582
modelnet10z10_accuracy:0.8777533039647577
modelnet10z15_accuracy:0.8248898678414097
modelnet10z20_accuracy:0.7709251101321586
modelnet10z25_accuracy:0.723568281938326
modelnet10z30_accuracy:0.6894273127753304
modelnet10z60_accuracy:0.8722466960352423
modelnet10z90_accuracy:0.8986784140969163
modelnet10z120_accuracy:0.6618942731277533
modelnet10z150_accuracy:0.8942731277533039
modelnet10z180_accuracy:0.8986784140969163
modelnet10z210_accuracy:0.6398678414096917
modelnet10z240_accuracy:0.9074889867841409
modelnet10z270_accuracy:0.8447136563876652
modelnet10z300_accuracy:0.5319383259911894
modelnet10z330_accuracy:0.8281938325991189
