ModelNet10b_accuracy:0.9460352422907489
modelnet10z5_accuracy:0.9317180616740088
modelnet10z10_accuracy:0.9229074889867841
modelnet10z15_accuracy:0.8755506607929515
modelnet10z20_accuracy:0.801762114537445
modelnet10z25_accuracy:0.7345814977973568
modelnet10z30_accuracy:0.6574889867841409
modelnet10z60_accuracy:0.41629955947136565
modelnet10z90_accuracy:0.33480176211453744
modelnet10z120_accuracy:0.34251101321585903
modelnet10z150_accuracy:0.4724669603524229
modelnet10z180_accuracy:0.5594713656387665
modelnet10z210_accuracy:0.355726872246696
modelnet10z240_accuracy:0.289647577092511
modelnet10z270_accuracy:0.31607929515418504
modelnet10z300_accuracy:0.5671806167400881
modelnet10z330_accuracy:0.7973568281938326
