ModelNet10b_accuracy:0.9405286343612335
modelnet10z5_accuracy:0.9284140969162996
modelnet10z10_accuracy:0.8953744493392071
modelnet10z15_accuracy:0.8370044052863436
modelnet10z20_accuracy:0.7830396475770925
modelnet10z25_accuracy:0.7059471365638766
modelnet10z30_accuracy:0.670704845814978
modelnet10z60_accuracy:0.8039647577092511
modelnet10z90_accuracy:0.8909691629955947
modelnet10z120_accuracy:0.7169603524229075
modelnet10z150_accuracy:0.8986784140969163
modelnet10z180_accuracy:0.8392070484581498
modelnet10z210_accuracy:0.7081497797356828
modelnet10z240_accuracy:0.8931718061674009
modelnet10z270_accuracy:0.7455947136563876
modelnet10z300_accuracy:0.5176211453744494
modelnet10z330_accuracy:0.7907488986784141
