ModelNet10b_accuracy:0.9581497797356828
modelnet10z5_accuracy:0.9372246696035242
modelnet10z10_accuracy:0.8436123348017621
modelnet10z15_accuracy:0.775330396475771
modelnet10z20_accuracy:0.7257709251101322
modelnet10z25_accuracy:0.6795154185022027
modelnet10z30_accuracy:0.6343612334801763
modelnet10z60_accuracy:0.8359030837004405
modelnet10z90_accuracy:0.8920704845814978
modelnet10z120_accuracy:0.6938325991189427
modelnet10z150_accuracy:0.8997797356828194
modelnet10z180_accuracy:0.8546255506607929
modelnet10z210_accuracy:0.711453744493392
modelnet10z240_accuracy:0.8887665198237885
modelnet10z270_accuracy:0.7477973568281938
modelnet10z300_accuracy:0.5484581497797357
modelnet10z330_accuracy:0.7422907488986784
