ModelNet10b_accuracy:0.9515418502202643
modelnet10z30_accuracy:0.6486784140969163
modelnet10z60_accuracy:0.8733480176211453
modelnet10z90_accuracy:0.8964757709251101
modelnet10z120_accuracy:0.6718061674008811
modelnet10z150_accuracy:0.9118942731277533
modelnet10z180_accuracy:0.8546255506607929
modelnet10z210_accuracy:0.6046255506607929
modelnet10z240_accuracy:0.9019823788546255
modelnet10z270_accuracy:0.8182819383259912
modelnet10z300_accuracy:0.4977973568281938
modelnet10z330_accuracy:0.8601321585903083
