ModelNet10b_accuracy:0.9383259911894273
modelnet10z5_accuracy:0.9317180616740088
modelnet10z10_accuracy:0.9019823788546255
modelnet10z15_accuracy:0.8425110132158591
modelnet10z20_accuracy:0.8094713656387665
modelnet10z25_accuracy:0.7665198237885462
modelnet10z30_accuracy:0.7323788546255506
modelnet10z60_accuracy:0.8215859030837004
modelnet10z90_accuracy:0.8799559471365639
modelnet10z120_accuracy:0.7599118942731278
modelnet10z150_accuracy:0.8832599118942731
modelnet10z180_accuracy:0.802863436123348
modelnet10z210_accuracy:0.7544052863436124
modelnet10z240_accuracy:0.8656387665198237
modelnet10z270_accuracy:0.748898678414097
modelnet10z300_accuracy:0.5616740088105727
modelnet10z330_accuracy:0.7555066079295154
