ModelNet10b_accuracy:0.961453744493392
modelnet10z30_accuracy:0.9074889867841409
modelnet10z60_accuracy:0.9052863436123348
modelnet10z90_accuracy:0.9085903083700441
modelnet10z120_accuracy:0.6574889867841409
modelnet10z150_accuracy:0.46916299559471364
modelnet10z180_accuracy:0.6057268722466961
modelnet10z210_accuracy:0.5881057268722467
modelnet10z240_accuracy:0.6046255506607929
modelnet10z270_accuracy:0.5903083700440529
modelnet10z300_accuracy:0.45704845814977973
modelnet10z330_accuracy:0.5748898678414097
