ModelNet10b_accuracy:0.9405286343612335
modelnet10z5_accuracy:0.9229074889867841
modelnet10z10_accuracy:0.9162995594713657
modelnet10z15_accuracy:0.8744493392070485
modelnet10z20_accuracy:0.8149779735682819
modelnet10z25_accuracy:0.776431718061674
modelnet10z30_accuracy:0.7466960352422908
modelnet10z60_accuracy:0.8270925110132159
modelnet10z90_accuracy:0.8799559471365639
modelnet10z120_accuracy:0.7389867841409692
modelnet10z150_accuracy:0.8722466960352423
modelnet10z180_accuracy:0.8381057268722467
modelnet10z210_accuracy:0.762114537444934
modelnet10z240_accuracy:0.8612334801762115
modelnet10z270_accuracy:0.7610132158590308
modelnet10z300_accuracy:0.5638766519823789
modelnet10z330_accuracy:0.775330396475771
