ModelNet10b_accuracy:0.9306167400881057
modelnet10z30_accuracy:0.46255506607929514
modelnet10z60_accuracy:0.32819383259911894
modelnet10z90_accuracy:0.2687224669603524
modelnet10z120_accuracy:0.2290748898678414
modelnet10z150_accuracy:0.28083700440528636
modelnet10z180_accuracy:0.5451541850220264
modelnet10z210_accuracy:0.289647577092511
modelnet10z240_accuracy:0.28193832599118945
modelnet10z270_accuracy:0.28193832599118945
modelnet10z300_accuracy:0.31277533039647576
modelnet10z330_accuracy:0.4647577092511013
