ModelNet10b_accuracy:0.9647577092511013
modelnet10z30_accuracy:0.9052863436123348
modelnet10z60_accuracy:0.8986784140969163
modelnet10z90_accuracy:0.8942731277533039
modelnet10z120_accuracy:0.6189427312775331
modelnet10z150_accuracy:0.4790748898678414
modelnet10z180_accuracy:0.6200440528634361
modelnet10z210_accuracy:0.5748898678414097
modelnet10z240_accuracy:0.5605726872246696
modelnet10z270_accuracy:0.5572687224669604
modelnet10z300_accuracy:0.46916299559471364
modelnet10z330_accuracy:0.6244493392070485
