ModelNet10b_accuracy:0.9008810572687225
modelnet10z30_accuracy:0.41519823788546256
modelnet10z60_accuracy:0.368942731277533
modelnet10z90_accuracy:0.31277533039647576
modelnet10z120_accuracy:0.17951541850220265
modelnet10z150_accuracy:0.2544052863436123
modelnet10z180_accuracy:0.6112334801762115
modelnet10z210_accuracy:0.23348017621145375
modelnet10z240_accuracy:0.2488986784140969
modelnet10z270_accuracy:0.35462555066079293
modelnet10z300_accuracy:0.32048458149779735
modelnet10z330_accuracy:0.45704845814977973
