ModelNet10b_accuracy:0.9427312775330396
modelnet10z30_accuracy:0.4944933920704846
modelnet10z60_accuracy:0.34251101321585903
modelnet10z90_accuracy:0.29405286343612336
modelnet10z120_accuracy:0.23788546255506607
modelnet10z150_accuracy:0.2830396475770925
modelnet10z180_accuracy:0.5980176211453745
modelnet10z210_accuracy:0.3513215859030837
modelnet10z240_accuracy:0.2918502202643172
modelnet10z270_accuracy:0.31167400881057267
modelnet10z300_accuracy:0.2918502202643172
modelnet10z330_accuracy:0.41409691629955947
