ModelNet10b_accuracy:0.9548458149779736
modelnet10z5_accuracy:0.9438325991189427
modelnet10z10_accuracy:0.9273127753303965
modelnet10z15_accuracy:0.9030837004405287
modelnet10z20_accuracy:0.8722466960352423
modelnet10z25_accuracy:0.8072687224669604
modelnet10z30_accuracy:0.7136563876651982
modelnet10z60_accuracy:0.3436123348017621
modelnet10z90_accuracy:0.3788546255506608
modelnet10z120_accuracy:0.3436123348017621
modelnet10z150_accuracy:0.46806167400881055
modelnet10z180_accuracy:0.5484581497797357
modelnet10z210_accuracy:0.41740088105726875
modelnet10z240_accuracy:0.27312775330396477
modelnet10z270_accuracy:0.3898678414096916
modelnet10z300_accuracy:0.5704845814977973
modelnet10z330_accuracy:0.8061674008810573
