ModelNet10b_accuracy:0.9559471365638766
modelnet10z30_accuracy:0.7323788546255506
modelnet10z60_accuracy:0.8678414096916299
modelnet10z90_accuracy:0.9074889867841409
modelnet10z120_accuracy:0.7775330396475771
modelnet10z150_accuracy:0.9129955947136564
modelnet10z180_accuracy:0.8678414096916299
modelnet10z210_accuracy:0.698237885462555
modelnet10z240_accuracy:0.8975770925110133
modelnet10z270_accuracy:0.8381057268722467
modelnet10z300_accuracy:0.6861233480176211
modelnet10z330_accuracy:0.8689427312775331
