ModelNet10b_accuracy:0.9372246696035242
modelnet10z5_accuracy:0.9328193832599119
modelnet10z10_accuracy:0.9096916299559471
modelnet10z15_accuracy:0.8920704845814978
modelnet10z20_accuracy:0.8425110132158591
modelnet10z25_accuracy:0.8149779735682819
modelnet10z30_accuracy:0.7951541850220264
modelnet10z60_accuracy:0.8634361233480177
modelnet10z90_accuracy:0.8898678414096917
modelnet10z120_accuracy:0.7577092511013216
modelnet10z150_accuracy:0.8898678414096917
modelnet10z180_accuracy:0.8270925110132159
modelnet10z210_accuracy:0.7863436123348018
modelnet10z240_accuracy:0.8843612334801763
modelnet10z270_accuracy:0.8105726872246696
modelnet10z300_accuracy:0.5473568281938326
modelnet10z330_accuracy:0.8138766519823789
