ModelNet10b_accuracy:0.9515418502202643
modelnet10z5_accuracy:0.8953744493392071
modelnet10z10_accuracy:0.8094713656387665
modelnet10z15_accuracy:0.73568281938326
modelnet10z20_accuracy:0.6321585903083701
modelnet10z25_accuracy:0.5209251101321586
modelnet10z30_accuracy:0.501101321585903
modelnet10z60_accuracy:0.7345814977973568
modelnet10z90_accuracy:0.829295154185022
modelnet10z120_accuracy:0.6321585903083701
modelnet10z150_accuracy:0.8281938325991189
modelnet10z180_accuracy:0.7577092511013216
modelnet10z210_accuracy:0.6167400881057269
modelnet10z240_accuracy:0.8381057268722467
modelnet10z270_accuracy:0.683920704845815
modelnet10z300_accuracy:0.44273127753303965
modelnet10z330_accuracy:0.7070484581497798
