ModelNet10b_accuracy:0.9526431718061674
modelnet10z30_accuracy:0.5859030837004405
modelnet10z60_accuracy:0.32158590308370044
modelnet10z90_accuracy:0.34140969162995594
modelnet10z120_accuracy:0.2973568281938326
modelnet10z150_accuracy:0.43612334801762115
modelnet10z180_accuracy:0.5495594713656388
modelnet10z210_accuracy:0.32929515418502203
modelnet10z240_accuracy:0.22577092511013216
modelnet10z270_accuracy:0.30506607929515417
modelnet10z300_accuracy:0.45704845814977973
modelnet10z330_accuracy:0.7268722466960352
