ModelNet10b_accuracy:0.9218061674008811
modelnet10z5_accuracy:0.8777533039647577
modelnet10z10_accuracy:0.8303964757709251
modelnet10z15_accuracy:0.7676211453744494
modelnet10z20_accuracy:0.6640969162995595
modelnet10z25_accuracy:0.5495594713656388
modelnet10z30_accuracy:0.538546255506608
modelnet10z60_accuracy:0.736784140969163
modelnet10z90_accuracy:0.8436123348017621
modelnet10z120_accuracy:0.6651982378854625
modelnet10z150_accuracy:0.8447136563876652
modelnet10z180_accuracy:0.7125550660792952
modelnet10z210_accuracy:0.6431718061674009
modelnet10z240_accuracy:0.8612334801762115
modelnet10z270_accuracy:0.6596916299559471
modelnet10z300_accuracy:0.3854625550660793
modelnet10z330_accuracy:0.6696035242290749
