ModelNet10b_accuracy:0.9581497797356828
modelnet10z5_accuracy:0.9394273127753304
modelnet10z10_accuracy:0.9240088105726872
modelnet10z15_accuracy:0.9030837004405287
modelnet10z20_accuracy:0.8612334801762115
modelnet10z25_accuracy:0.8259911894273128
modelnet10z30_accuracy:0.7731277533039648
modelnet10z60_accuracy:0.43612334801762115
modelnet10z90_accuracy:0.3436123348017621
modelnet10z120_accuracy:0.29405286343612336
modelnet10z150_accuracy:0.43832599118942733
modelnet10z180_accuracy:0.551762114537445
modelnet10z210_accuracy:0.44052863436123346
modelnet10z240_accuracy:0.27973568281938327
modelnet10z270_accuracy:0.30616740088105726
modelnet10z300_accuracy:0.45044052863436124
modelnet10z330_accuracy:0.7522026431718062
