ModelNet10b_accuracy:0.9636563876651982
modelnet10z5_accuracy:0.9493392070484582
modelnet10z10_accuracy:0.8942731277533039
modelnet10z15_accuracy:0.8094713656387665
modelnet10z20_accuracy:0.7433920704845814
modelnet10z25_accuracy:0.7004405286343612
modelnet10z30_accuracy:0.6696035242290749
modelnet10z60_accuracy:0.8744493392070485
modelnet10z90_accuracy:0.8997797356828194
modelnet10z120_accuracy:0.7477973568281938
modelnet10z150_accuracy:0.8986784140969163
modelnet10z180_accuracy:0.8909691629955947
modelnet10z210_accuracy:0.6762114537444934
modelnet10z240_accuracy:0.8832599118942731
modelnet10z270_accuracy:0.829295154185022
modelnet10z300_accuracy:0.6068281938325991
modelnet10z330_accuracy:0.8447136563876652
