ModelNet10b_accuracy:0.9030837004405287
modelnet10z30_accuracy:0.7191629955947136
modelnet10z60_accuracy:0.8612334801762115
modelnet10z90_accuracy:0.8667400881057269
modelnet10z120_accuracy:0.7059471365638766
modelnet10z150_accuracy:0.8678414096916299
modelnet10z180_accuracy:0.8491189427312775
modelnet10z210_accuracy:0.711453744493392
modelnet10z240_accuracy:0.8722466960352423
modelnet10z270_accuracy:0.7466960352422908
modelnet10z300_accuracy:0.5154185022026432
modelnet10z330_accuracy:0.8061674008810573
