ModelNet10b_accuracy:0.9394273127753304
modelnet10z5_accuracy:0.8656387665198237
modelnet10z10_accuracy:0.8414096916299559
modelnet10z15_accuracy:0.8050660792951542
modelnet10z20_accuracy:0.7654185022026432
modelnet10z25_accuracy:0.6773127753303965
modelnet10z30_accuracy:0.6740088105726872
modelnet10z60_accuracy:0.763215859030837
modelnet10z90_accuracy:0.8061674008810573
modelnet10z120_accuracy:0.526431718061674
modelnet10z150_accuracy:0.8270925110132159
modelnet10z180_accuracy:0.8337004405286343
modelnet10z210_accuracy:0.7312775330396476
modelnet10z240_accuracy:0.829295154185022
modelnet10z270_accuracy:0.7037444933920705
modelnet10z300_accuracy:0.31828193832599116
modelnet10z330_accuracy:0.7312775330396476
