ModelNet10b_accuracy:0.9647577092511013
modelnet10z30_accuracy:0.6343612334801763
modelnet10z60_accuracy:0.28083700440528636
modelnet10z90_accuracy:0.27312775330396477
modelnet10z120_accuracy:0.26762114537444937
modelnet10z150_accuracy:0.44273127753303965
modelnet10z180_accuracy:0.5737885462555066
modelnet10z210_accuracy:0.3997797356828194
modelnet10z240_accuracy:0.2092511013215859
modelnet10z270_accuracy:0.2665198237885463
modelnet10z300_accuracy:0.4041850220264317
modelnet10z330_accuracy:0.6618942731277533
