ModelNet10b_accuracy:0.9680616740088106
modelnet10z30_accuracy:0.8909691629955947
modelnet10z60_accuracy:0.8865638766519823
modelnet10z90_accuracy:0.8964757709251101
modelnet10z120_accuracy:0.5803964757709251
modelnet10z150_accuracy:0.5
modelnet10z180_accuracy:0.6167400881057269
modelnet10z210_accuracy:0.5881057268722467
modelnet10z240_accuracy:0.5671806167400881
modelnet10z270_accuracy:0.6035242290748899
modelnet10z300_accuracy:0.44273127753303965
modelnet10z330_accuracy:0.7092511013215859
