ModelNet10b_accuracy:0.9647577092511013
modelnet10z30_accuracy:0.710352422907489
modelnet10z60_accuracy:0.3579295154185022
modelnet10z90_accuracy:0.32268722466960353
modelnet10z120_accuracy:0.31607929515418504
modelnet10z150_accuracy:0.40859030837004406
modelnet10z180_accuracy:0.5704845814977973
modelnet10z210_accuracy:0.41519823788546256
modelnet10z240_accuracy:0.2444933920704846
modelnet10z270_accuracy:0.32268722466960353
modelnet10z300_accuracy:0.4834801762114537
modelnet10z330_accuracy:0.6806167400881057
