ModelNet10b_accuracy:0.9724669603524229
modelnet10z30_accuracy:0.9041850220264317
modelnet10z60_accuracy:0.9063876651982379
modelnet10z90_accuracy:0.9052863436123348
modelnet10z120_accuracy:0.7092511013215859
modelnet10z150_accuracy:0.4922907488986784
modelnet10z180_accuracy:0.5825991189427313
modelnet10z210_accuracy:0.5958149779735683
modelnet10z240_accuracy:0.5947136563876652
modelnet10z270_accuracy:0.6013215859030837
modelnet10z300_accuracy:0.5077092511013216
modelnet10z330_accuracy:0.6310572687224669
