ModelNet10b_accuracy:0.9625550660792952
modelnet10z30_accuracy:0.6651982378854625
modelnet10z60_accuracy:0.8491189427312775
modelnet10z90_accuracy:0.8909691629955947
modelnet10z120_accuracy:0.6398678414096917
modelnet10z150_accuracy:0.8777533039647577
modelnet10z180_accuracy:0.8513215859030837
modelnet10z210_accuracy:0.6585903083700441
modelnet10z240_accuracy:0.8843612334801763
modelnet10z270_accuracy:0.762114537444934
modelnet10z300_accuracy:0.460352422907489
modelnet10z330_accuracy:0.7984581497797357
