ModelNet10b_accuracy:0.9493392070484582
modelnet10z30_accuracy:0.748898678414097
modelnet10z60_accuracy:0.8546255506607929
modelnet10z90_accuracy:0.8909691629955947
modelnet10z120_accuracy:0.7830396475770925
modelnet10z150_accuracy:0.8964757709251101
modelnet10z180_accuracy:0.8590308370044053
modelnet10z210_accuracy:0.7742290748898678
modelnet10z240_accuracy:0.8997797356828194
modelnet10z270_accuracy:0.8182819383259912
modelnet10z300_accuracy:0.670704845814978
modelnet10z330_accuracy:0.8612334801762115
