ModelNet10b_accuracy:0.947136563876652
modelnet10z5_accuracy:0.9151982378854625
modelnet10z10_accuracy:0.8623348017621145
modelnet10z15_accuracy:0.7742290748898678
modelnet10z20_accuracy:0.73568281938326
modelnet10z25_accuracy:0.6927312775330396
modelnet10z30_accuracy:0.6806167400881057
modelnet10z60_accuracy:0.8623348017621145
modelnet10z90_accuracy:0.8744493392070485
modelnet10z120_accuracy:0.670704845814978
modelnet10z150_accuracy:0.8942731277533039
modelnet10z180_accuracy:0.7962555066079295
modelnet10z210_accuracy:0.6409691629955947
modelnet10z240_accuracy:0.8766519823788547
modelnet10z270_accuracy:0.776431718061674
modelnet10z300_accuracy:0.5220264317180616
modelnet10z330_accuracy:0.7742290748898678
