ModelNet10b_accuracy:0.9052863436123348
modelnet10z5_accuracy:0.8788546255506607
modelnet10z10_accuracy:0.8634361233480177
modelnet10z15_accuracy:0.8370044052863436
modelnet10z20_accuracy:0.8061674008810573
modelnet10z25_accuracy:0.763215859030837
modelnet10z30_accuracy:0.7301762114537445
modelnet10z60_accuracy:0.736784140969163
modelnet10z90_accuracy:0.8359030837004405
modelnet10z120_accuracy:0.7698237885462555
modelnet10z150_accuracy:0.8656387665198237
modelnet10z180_accuracy:0.7830396475770925
modelnet10z210_accuracy:0.7676211453744494
modelnet10z240_accuracy:0.8524229074889867
modelnet10z270_accuracy:0.7224669603524229
modelnet10z300_accuracy:0.5418502202643172
modelnet10z330_accuracy:0.7070484581497798
