ModelNet10b_accuracy:0.9702643171806168
modelnet10z30_accuracy:0.7026431718061674
modelnet10z60_accuracy:0.3909691629955947
modelnet10z90_accuracy:0.31277533039647576
modelnet10z120_accuracy:0.29405286343612336
modelnet10z150_accuracy:0.46916299559471364
modelnet10z180_accuracy:0.5881057268722467
modelnet10z210_accuracy:0.44052863436123346
modelnet10z240_accuracy:0.28193832599118945
modelnet10z270_accuracy:0.30837004405286345
modelnet10z300_accuracy:0.3964757709251101
modelnet10z330_accuracy:0.7654185022026432
