ModelNet10b_accuracy:0.9427312775330396
modelnet10z5_accuracy:0.9284140969162996
modelnet10z10_accuracy:0.9196035242290749
modelnet10z15_accuracy:0.8810572687224669
modelnet10z20_accuracy:0.8557268722466961
modelnet10z25_accuracy:0.8359030837004405
modelnet10z30_accuracy:0.8325991189427313
modelnet10z60_accuracy:0.8149779735682819
modelnet10z90_accuracy:0.8645374449339207
modelnet10z120_accuracy:0.8039647577092511
modelnet10z150_accuracy:0.8755506607929515
modelnet10z180_accuracy:0.7819383259911894
modelnet10z210_accuracy:0.829295154185022
modelnet10z240_accuracy:0.8810572687224669
modelnet10z270_accuracy:0.75
modelnet10z300_accuracy:0.5649779735682819
modelnet10z330_accuracy:0.7742290748898678
