ModelNet10b_accuracy:0.9493392070484582
modelnet10z30_accuracy:0.6828193832599119
modelnet10z60_accuracy:0.8986784140969163
modelnet10z90_accuracy:0.9129955947136564
modelnet10z120_accuracy:0.6696035242290749
modelnet10z150_accuracy:0.9030837004405287
modelnet10z180_accuracy:0.8061674008810573
modelnet10z210_accuracy:0.6310572687224669
modelnet10z240_accuracy:0.9041850220264317
modelnet10z270_accuracy:0.8094713656387665
modelnet10z300_accuracy:0.5925110132158591
modelnet10z330_accuracy:0.8568281938325991
