ModelNet10b_accuracy:0.9647577092511013
modelnet10z30_accuracy:0.7400881057268722
modelnet10z60_accuracy:0.38876651982378857
modelnet10z90_accuracy:0.32158590308370044
modelnet10z120_accuracy:0.2852422907488987
modelnet10z150_accuracy:0.4889867841409692
modelnet10z180_accuracy:0.5737885462555066
modelnet10z210_accuracy:0.42731277533039647
modelnet10z240_accuracy:0.29295154185022027
modelnet10z270_accuracy:0.3303964757709251
modelnet10z300_accuracy:0.4790748898678414
modelnet10z330_accuracy:0.8094713656387665
