ModelNet10b_accuracy:0.9581497797356828
modelnet10z5_accuracy:0.9394273127753304
modelnet10z10_accuracy:0.9262114537444934
modelnet10z15_accuracy:0.8447136563876652
modelnet10z20_accuracy:0.8072687224669604
modelnet10z25_accuracy:0.7786343612334802
modelnet10z30_accuracy:0.7610132158590308
modelnet10z60_accuracy:0.8425110132158591
modelnet10z90_accuracy:0.9008810572687225
modelnet10z120_accuracy:0.75
modelnet10z150_accuracy:0.9085903083700441
modelnet10z180_accuracy:0.8678414096916299
modelnet10z210_accuracy:0.751101321585903
modelnet10z240_accuracy:0.8799559471365639
modelnet10z270_accuracy:0.8237885462555066
modelnet10z300_accuracy:0.6277533039647577
modelnet10z330_accuracy:0.8645374449339207
