ModelNet10b_accuracy:0.960352422907489
modelnet10z30_accuracy:0.6618942731277533
modelnet10z60_accuracy:0.8535242290748899
modelnet10z90_accuracy:0.9096916299559471
modelnet10z120_accuracy:0.6927312775330396
modelnet10z150_accuracy:0.8953744493392071
modelnet10z180_accuracy:0.8392070484581498
modelnet10z210_accuracy:0.6310572687224669
modelnet10z240_accuracy:0.8909691629955947
modelnet10z270_accuracy:0.7852422907488987
modelnet10z300_accuracy:0.552863436123348
modelnet10z330_accuracy:0.8579295154185022
