ModelNet10b_accuracy:0.9251101321585903
modelnet10z5_accuracy:0.8458149779735683
modelnet10z10_accuracy:0.7720264317180616
modelnet10z15_accuracy:0.6960352422907489
modelnet10z20_accuracy:0.6398678414096917
modelnet10z25_accuracy:0.5715859030837004
modelnet10z30_accuracy:0.5242290748898678
modelnet10z60_accuracy:0.7676211453744494
modelnet10z90_accuracy:0.8226872246696035
modelnet10z120_accuracy:0.3777533039647577
modelnet10z150_accuracy:0.8513215859030837
modelnet10z180_accuracy:0.775330396475771
modelnet10z210_accuracy:0.5649779735682819
modelnet10z240_accuracy:0.8348017621145375
modelnet10z270_accuracy:0.6718061674008811
modelnet10z300_accuracy:0.29405286343612336
modelnet10z330_accuracy:0.7081497797356828
