ModelNet10b_accuracy:0.9504405286343612
modelnet10z5_accuracy:0.9460352422907489
modelnet10z10_accuracy:0.9185022026431718
modelnet10z15_accuracy:0.8656387665198237
modelnet10z20_accuracy:0.7797356828193832
modelnet10z25_accuracy:0.7070484581497798
modelnet10z30_accuracy:0.6013215859030837
modelnet10z60_accuracy:0.4856828193832599
modelnet10z90_accuracy:0.31938325991189426
modelnet10z120_accuracy:0.2488986784140969
modelnet10z150_accuracy:0.45374449339207046
modelnet10z180_accuracy:0.5605726872246696
modelnet10z210_accuracy:0.34691629955947134
modelnet10z240_accuracy:0.3513215859030837
modelnet10z270_accuracy:0.34801762114537443
modelnet10z300_accuracy:0.43502202643171806
modelnet10z330_accuracy:0.7389867841409692
