ModelNet10b_accuracy:0.9306167400881057
modelnet10z5_accuracy:0.9262114537444934
modelnet10z10_accuracy:0.9052863436123348
modelnet10z15_accuracy:0.8623348017621145
modelnet10z20_accuracy:0.8182819383259912
modelnet10z25_accuracy:0.748898678414097
modelnet10z30_accuracy:0.7015418502202643
modelnet10z60_accuracy:0.8414096916299559
modelnet10z90_accuracy:0.8832599118942731
modelnet10z120_accuracy:0.7059471365638766
modelnet10z150_accuracy:0.8810572687224669
modelnet10z180_accuracy:0.8259911894273128
modelnet10z210_accuracy:0.7918502202643172
modelnet10z240_accuracy:0.8810572687224669
modelnet10z270_accuracy:0.7918502202643172
modelnet10z300_accuracy:0.5154185022026432
modelnet10z330_accuracy:0.802863436123348
