ModelNet10b_accuracy:0.9658590308370044
modelnet10z5_accuracy:0.9504405286343612
modelnet10z10_accuracy:0.9118942731277533
modelnet10z15_accuracy:0.8325991189427313
modelnet10z20_accuracy:0.788546255506608
modelnet10z25_accuracy:0.7477973568281938
modelnet10z30_accuracy:0.7202643171806168
modelnet10z60_accuracy:0.8590308370044053
modelnet10z90_accuracy:0.9052863436123348
modelnet10z120_accuracy:0.7665198237885462
modelnet10z150_accuracy:0.8997797356828194
modelnet10z180_accuracy:0.8557268722466961
modelnet10z210_accuracy:0.7191629955947136
modelnet10z240_accuracy:0.9019823788546255
modelnet10z270_accuracy:0.8337004405286343
modelnet10z300_accuracy:0.6442731277533039
modelnet10z330_accuracy:0.8348017621145375
