ModelNet10b_accuracy:0.9625550660792952
modelnet10z30_accuracy:0.7477973568281938
modelnet10z60_accuracy:0.8788546255506607
modelnet10z90_accuracy:0.9041850220264317
modelnet10z120_accuracy:0.7852422907488987
modelnet10z150_accuracy:0.9063876651982379
modelnet10z180_accuracy:0.8821585903083701
modelnet10z210_accuracy:0.7444933920704846
modelnet10z240_accuracy:0.8931718061674009
modelnet10z270_accuracy:0.8656387665198237
modelnet10z300_accuracy:0.6773127753303965
modelnet10z330_accuracy:0.8744493392070485
